3.3227
3.3485
3.4479
3.8644
3.8933
4.0723
4.1192
4.1645
4.2522
4.2573
4.8665
5.0162
5.3513
5.3778
5.3819
6.7524
7.1953
9.0978
9.2272
9.3657
9.7819
10.0136
10.1292
10.2842
10.9945
11.0969
11.751
11.8346
11.9422
12.0888
12.1735
12.4708
13.1461
13.2228
13.3388
13.36
13.4408
13.4683
13.5777
13.6712
14.1709
14.3863
15.7434
15.9683
16.1922
16.7817
17.0152
17.5395
18.1777
18.5157
19.3488
19.8986
19.9617
20.6385
21.2805
21.4509
21.5064
21.8175
23.2849
23.5813
23.8631
24.1296
24.4437
24.6781
24.883
25.0001
25.0346
25.0969
25.42
25.539
25.5451
26.1556
26.2727
26.8771
26.8956
26.9479
27.5442
27.5673
28.1063
28.676
29.0434
29.0951
29.1661
29.9581
29.9744
30.0387
30.4718
30.7352
31.2744
32.2876
32.4597
32.8758
33.0729
33.4717
33.5047
33.6256
33.8372
34.1279
34.4528
36.4141
36.4643
36.4801
36.7516
37.616
37.8758
37.9785
38.5323
39.344
39.3526
39.4211
39.6444
39.775
39.7915
39.9652
40.1112
40.6307
41.3899
41.4323
42.0717
42.1482
42.9945
43.2902
43.4484
43.7008
43.8289
43.9422
44.3015
44.4925
44.5274
44.5797
44.8523
45.4188
45.7871
45.8027
46.0339
46.188
46.8057
47.025
47.1346
47.3327
47.4296
47.9989
49.264
49.4899
50.4027
51.0549
51.0939
51.2328
51.2604
51.9115
52.1248
52.5696
53.7098
54.0961
54.3752
54.5622
54.709
55.4264
56.6383
56.8365
57.5106
57.5141
58.0787
58.2221
58.9863
59.4967
59.6207
59.7788
59.9922
60.416
60.546
60.6134
60.6593
60.6975
60.7894
60.8914
60.9773
61.2533
61.3341
61.4395
62.7612
62.8645
62.8686
63.7588
64.6047
64.9738
65.0243
65.1498
65.2288
65.4797
66.3949
66.4317
67.9859
68.476
68.9168
69.1481
69.9278
70.111
70.2133
70.3816
70.4423
70.6953
70.7425
71.6558
72.1335
72.2425
72.2912
72.6958
73.4809
75.2315
76.1296
76.6708
76.7672
77.0593
77.1023
77.2113
77.5122
77.6348
77.6901
77.7579
78.3318
78.5667
78.9519
79.8168
79.8552
80.0007
80.2623
80.3858
80.5577
81.1136
81.679
81.9039
82.0043
82.0703
82.1156
82.1942
82.5663
82.8736
83.215
83.6636
83.9761
84.4759
84.6089
84.8195
85.0542
85.1116
85.2044
86.0886
86.2295
86.3847
86.9163
87.3509
87.5485
87.6191
87.7406
87.7674
87.9028
87.9282
88.3081
88.3606
89.2117
89.2284
89.2352
89.2424
89.5665
90.3217
90.692
91.0848
91.3565
92.4805
92.6661
93.2004
93.5344
94.3463
94.4353
94.5187
95.1707
95.1726
95.2982
95.5843
96.3985
96.6685
96.7697
96.9543
97.1351
97.1956
97.9751
98.4282
98.972
99.1615
99.3308
99.8413
100.2896
100.3186
100.6337
101.0529
101.5942
101.9245
102.3893
102.6286
