78 45
96 30
179 79
81 89
100 131
102 115
72 22
170 103
95 28
186 158
34 184
34 26
79 77
154 57
137 20
195 12
37 43
172 123
103 158
1 119
3 109
138 92
103 170
66 49
93 133
134 70
55 158
157 0
163 182
127 43
166 114
62 133
21 100
33 139
86 0
104 58
189 89
97 84
162 30
89 198
16 172
86 74
97 56
105 109
124 97
105 22
145 80
2 194
187 174
109 137
124 112
73 6
23 105
175 128
46 92
67 64
195 13
166 30
4 51
56 196
135 11
115 95
173 108
187 6
164 35
194 72
21 171
192 38
188 42
127 106
101 139
156 195
171 35
2 70
155 90
104 27
24 145
187 49
104 74
30 102
116 8
133 110
93 28
106 159
73 161
102 72
28 188
169 28
35 196
141 183
76 98
37 147
90 77
59 151
85 165
62 141
14 105
42 183
71 95
106 5
17 192
48 109
159 62
133 55
192 90
156 132
122 198
161 83
34 44
192 31
32 81
167 1
198 90
21 5
1 17
196 115
193 12
153 101
147 58
93 112
173 122
20 137
153 147
138 93
91 122
61 100
5 11
78 60
194 199
137 22
126 37
124 150
92 145
21 44
162 102
91 74
151 33
190 74
141 115
123 166
194 115
144 67
16 86
30 42
139 139
139 68
34 24
23 154
55 82
127 86
138 61
85 98
58 137
25 171
2 117
32 129
114 66
67 182
116 22
51 112
95 172
87 149
186 125
144 82
110 189
148 128
101 20
142 148
121 71
119 73
124 26
126 187
55 13
123 35
47 88
25 186
58 124
113 52
88 8
43 91
52 85
88 69
136 22
187 163
136 87
14 54
168 9
144 136
23 87
108 36
4 88
21 180
55 121
61 69
81 22
125 145
21 133
118 24
176 144
7 76
156 13
56 104
104 187
178 195
172 131
73 135
7 49
194 33
195 93
142 148
193 34
97 23
78 43
12 23
199 117
22 74
185 69
65 10
33 110
185 121
66 190
55 31
53 15
60 126
34 37
129 158
12 145
163 2
91 49
60 21
187 169
12 98
122 138
95 0
191 21
143 94
142 109
162 32
64 86
47 6
175 126
154 182
102 94
127 189
199 20
155 111
175 1
46 88
60 98
60 158
182 21
3 22
139 178
142 39
109 75
160 174
166 42
157 127
148 157
154 125
95 144
173 39
158 48
39 120
50 151
69 72
155 129
110 180
134 74
7 126
40 98
26 18
84 190
141 15
160 115
175 46
46 121
77 75
102 187
147 37
97 79
190 67
192 142
197 116
194 137
40 27
45 93
1 102
12 21
112 25
23 123
2 156
113 75
105 126
194 44
94 27
44 180
99 129
58 95
93 84
148 123
159 73
96 75
66 125
163 125
136 178
141 98
48 10
171 186
187 163
61 130
133 88
175 195
127 104
110 16
138 102
136 20
54 172
45 53
24 20
93 97
81 28
23 67
147 117
185 98
0 96
29 71
139 86
160 104
175 83
6 30
126 134
169 23
153 72
105 97
87 166
5 20
129 140
111 67
18 144
62 15
195 49
93 87
148 114
9 15
47 70
127 4
55 41
52 178
182 73
6 66
123 0
103 124
106 167
115 61
6 144
39 4
10 144
121 110
21 135
38 84
187 142
62 55
48 123
156 136
127 20
17 181
81 46
25 107
10 168
85 117
101 33
23 199
71 179
133 33
41 74
132 3
79 77
189 42
85 160
125 164
129 35
135 109
140 35
132 183
131 91
187 47
26 39
75 146
63 68
164 20
44 151
6 104
174 185
122 113
11 99
61 187
136 116
170 95
24 196
30 34
73 172
7 1
73 53
110 114
86 73
92 34
2 9
153 95
53 52
71 41
37 9
157 178
88 18
24 110
186 37
195 65
98 168
71 164
94 159
165 100
47 149
104 87
16 181
41 83
184 140
98 29
95 54
155 163
196 97
59 183
85 193
70 80
176 185
197 94
142 107
196 26
136 188
124 144
57 103
129 186
19 148
38 34
109 149
99 99
34 29
89 12
5 173
132 83
184 173
151 34
20 3
6 113
163 107
92 160
89 123
85 198
105 177
22 155
140 187
65 158
84 19
84 4
70 125
176 94
166 38
192 109
29 172
128 13
157 52
84 59
133 44
194 84
175 165
80 124
183 36
39 72
31 109
50 40
69 84
15 132
70 122
11 66
171 73
149 146
169 197
56 70
0 126
44 56
185 61
159 90
42 123
172 197
46 9
149 30
61 199
93 139
19 165
78 142
108 71
